CREDIT CARD FRAUD DETECTION RESULTS
==================================================

Dataset Information:
Total samples: 230106
Training samples: 366400
Test samples: 46022

Model Performance Summary:
                                                                                                                                                                                                                                                                                                                                                                                                                                                                                                                                   predictions                                                                                                                                                                                                                                                                                                                                                                                                                                                                                                                                                                                                                                                                                                                                                                                                                                                                                                                                                                                                                                                                                                                                                                                                                                                                                                                                                                                                                                                                                                                                                                                                                                                                                                                                                                                                                                                                                                                                                                                                                                                                                                                                     probabilities  accuracy precision    recall        f1   roc_auc
Logistic Regression  [0.0, 0.0, 0.0, 0.0, 0.0, 0.0, 0.0, 0.0, 0.0, 0.0, 0.0, 0.0, 0.0, 0.0, 0.0, 0.0, 0.0, 0.0, 0.0, 0.0, 0.0, 0.0, 0.0, 0.0, 1.0, 0.0, 0.0, 0.0, 0.0, 0.0, 0.0, 0.0, 0.0, 0.0, 0.0, 0.0, 1.0, 0.0, 0.0, 0.0, 0.0, 0.0, 0.0, 0.0, 0.0, 0.0, 0.0, 0.0, 0.0, 0.0, 1.0, 0.0, 0.0, 0.0, 0.0, 0.0, 0.0, 0.0, 0.0, 0.0, 0.0, 1.0, 0.0, 0.0, 0.0, 0.0, 0.0, 1.0, 0.0, 0.0, 0.0, 0.0, 1.0, 0.0, 0.0, 1.0, 0.0, 0.0, 1.0, 0.0, 0.0, 0.0, 0.0, 0.0, 0.0, 0.0, 0.0, 1.0, 0.0, 1.0, 0.0, 1.0, 0.0, 0.0, 0.0, 0.0, 0.0, 0.0, 0.0, 0.0, ...]  [0.156566917398964, 0.20458580316961503, 0.022025225032147346, 0.15433153337824632, 0.24202329880204976, 0.16101333453757458, 0.12412543372442236, 0.22998172736712613, 0.4130095142395972, 0.34320909083278645, 0.13766454241633178, 0.13204817302255778, 0.06232384514863555, 0.07557243986561717, 0.18107894600475558, 0.34641738826071955, 0.10257479555257147, 0.3338518316219013, 0.1500399274827446, 0.18591479135703382, 0.22427104469963902, 0.27617723219451484, 0.4691477819458886, 0.3916536232967301, 0.5030369420739799, 0.2769358008462217, 0.18359104466287327, 0.0943878174961622, 0.3073832559532853, 0.1493732858633911, 0.17743230361256343, 0.3770910561961468, 0.10740107512978056, 0.20546568850858174, 0.3688362987363615, 0.3026297086630357, 0.5811575066098665, 0.3647556529216414, 0.46115269202502135, 0.2271115005492464, 0.17071418941972363, 0.23020517338672103, 0.3592229450180878, 0.49125388258960767, 0.2668539947217651, 0.20229402565412435, 0.17884044273014565, 0.06154417741142487, 0.2653576951964597, 0.20583037758415962, 0.7629780777271006, 0.1258709726685052, 0.09648699388435653, 0.26996478144565833, 0.2975014399095282, 0.10542895134652562, 0.23721129316835282, 0.13019409379188512, 0.22476172753691478, 0.45221290638389655, 0.07419290427704028, 0.6812165738769281, 0.3209575039831431, 0.13727966897040647, 0.11342293812911619, 0.11963399795933452, 0.15832301335452378, 0.6073857734385576, 0.08442154404926076, 0.46836416586660673, 0.2117804741833031, 0.2766719816815377, 0.5340935603023277, 0.22883826280942549, 0.2453170259828909, 0.6804032806795323, 0.2201281808779655, 0.29870037696795204, 0.5203632675980641, 0.3107095068603167, 0.22545106125348952, 0.22790888958206434, 0.27985230947437095, 0.30680734876244575, 0.3540113822391574, 0.3076262091134843, 0.1899561829824435, 0.5567892045760805, 0.37494701902666955, 0.5089641686927275, 0.16605847716444327, 0.5294998941305361, 0.10305906040790135, 0.14936324353958239, 0.20786886032309293, 0.1070314111462818, 0.16666678058128812, 0.18524573416027315, 0.16223759809100552, 0.36652670020678324, ...]  0.936878  0.054745  0.746606  0.102009  0.873649
Decision Tree        [0.0, 0.0, 0.0, 0.0, 0.0, 0.0, 0.0, 0.0, 0.0, 0.0, 0.0, 0.0, 0.0, 0.0, 0.0, 0.0, 0.0, 0.0, 0.0, 0.0, 0.0, 0.0, 0.0, 0.0, 0.0, 0.0, 1.0, 0.0, 0.0, 0.0, 0.0, 1.0, 0.0, 0.0, 0.0, 0.0, 0.0, 0.0, 0.0, 1.0, 1.0, 0.0, 0.0, 1.0, 0.0, 0.0, 0.0, 0.0, 1.0, 0.0, 1.0, 0.0, 0.0, 0.0, 0.0, 0.0, 0.0, 0.0, 0.0, 0.0, 1.0, 1.0, 1.0, 0.0, 0.0, 1.0, 1.0, 0.0, 0.0, 0.0, 1.0, 1.0, 1.0, 0.0, 0.0, 0.0, 0.0, 0.0, 0.0, 0.0, 0.0, 0.0, 0.0, 0.0, 0.0, 0.0, 0.0, 0.0, 0.0, 0.0, 0.0, 0.0, 0.0, 0.0, 0.0, 1.0, 0.0, 0.0, 0.0, 1.0, ...]                                                                                                                                                                                   [0.008108711937022775, 0.008108711937022775, 0.008108711937022775, 0.008108711937022775, 0.008108711937022775, 0.0691229214215846, 0.0, 0.0691229214215846, 0.0, 0.0, 0.008108711937022775, 0.008108711937022775, 0.023659026465028356, 0.023659026465028356, 0.023659026465028356, 0.008108711937022775, 0.023659026465028356, 0.008108711937022775, 0.023659026465028356, 0.008108711937022775, 0.023659026465028356, 0.008108711937022775, 0.008108711937022775, 0.008108711937022775, 0.0, 0.023659026465028356, 0.5092790171354672, 0.023659026465028356, 0.008108711937022775, 0.023659026465028356, 0.008108711937022775, 0.5092790171354672, 0.023659026465028356, 0.1398912506178942, 0.008108711937022775, 0.008108711937022775, 0.0, 0.1398912506178942, 0.008108711937022775, 0.5092790171354672, 0.5092790171354672, 0.008108711937022775, 0.008108711937022775, 0.7549290902801798, 0.008108711937022775, 0.023659026465028356, 0.008108711937022775, 0.023659026465028356, 0.5092790171354672, 0.008108711937022775, 0.9779533718159498, 0.008108711937022775, 0.008108711937022775, 0.008108711937022775, 0.008108711937022775, 0.008108711937022775, 0.008108711937022775, 0.008108711937022775, 0.023659026465028356, 0.008108711937022775, 0.5230582524271845, 0.9779533718159498, 0.5092790171354672, 0.008108711937022775, 0.008108711937022775, 0.5092790171354672, 0.5092790171354672, 0.0, 0.023659026465028356, 0.0, 0.5092790171354672, 0.5092790171354672, 0.5615141955835962, 0.023659026465028356, 0.1398912506178942, 0.0, 0.008108711937022775, 0.0, 0.0, 0.0, 0.008108711937022775, 0.008108711937022775, 0.008108711937022775, 0.0, 0.008108711937022775, 0.008108711937022775, 0.008108711937022775, 0.0, 0.0, 0.0, 0.023659026465028356, 0.0, 0.023659026465028356, 0.008108711937022775, 0.023659026465028356, 0.5092790171354672, 0.023659026465028356, 0.1398912506178942, 0.008108711937022775, 0.5615141955835962, ...]  0.839142  0.027873  0.959276  0.054171  0.967263
Random Forest        [0.0, 0.0, 0.0, 0.0, 0.0, 0.0, 0.0, 0.0, 0.0, 0.0, 0.0, 0.0, 0.0, 0.0, 0.0, 0.0, 0.0, 0.0, 0.0, 0.0, 0.0, 0.0, 0.0, 0.0, 0.0, 0.0, 0.0, 0.0, 0.0, 0.0, 0.0, 0.0, 0.0, 0.0, 0.0, 0.0, 0.0, 0.0, 0.0, 0.0, 0.0, 0.0, 0.0, 0.0, 0.0, 0.0, 0.0, 0.0, 0.0, 0.0, 1.0, 0.0, 0.0, 0.0, 0.0, 0.0, 0.0, 0.0, 0.0, 0.0, 0.0, 1.0, 0.0, 0.0, 0.0, 0.0, 0.0, 0.0, 0.0, 0.0, 0.0, 0.0, 0.0, 0.0, 0.0, 0.0, 0.0, 0.0, 0.0, 0.0, 0.0, 0.0, 0.0, 0.0, 0.0, 0.0, 0.0, 0.0, 0.0, 0.0, 0.0, 0.0, 0.0, 0.0, 0.0, 0.0, 0.0, 0.0, 0.0, 0.0, ...]              [0.20381991736221927, 0.2885668825783713, 0.1886269451601619, 0.14882923485848393, 0.20633749269555543, 0.35783902866601586, 0.323208583807793, 0.3175647320409319, 0.37155966158643944, 0.2165124058202766, 0.24089216083565915, 0.19713607784823267, 0.3496452714040813, 0.3331195989130248, 0.28833676211163495, 0.14327209913720643, 0.35119488757008843, 0.25203760206984704, 0.2285735814118487, 0.18025873019506328, 0.2623204959775692, 0.20803446669411124, 0.28356487171929795, 0.1993339039003121, 0.3579002764468354, 0.49048687179632194, 0.33406078857713845, 0.3085574700540671, 0.3360731906453745, 0.488874470375514, 0.14563923132466058, 0.37484217060131814, 0.22263588746754398, 0.15666981189445806, 0.2109444213628638, 0.3079711983855454, 0.2419798455438274, 0.27429704038218694, 0.4253082343917934, 0.39403834261624576, 0.362725604869635, 0.21151674082457514, 0.15836214954841385, 0.31728537035743076, 0.249394312099394, 0.32639988336383235, 0.23501368892214383, 0.30645357775540516, 0.4149651960484362, 0.18479332341886107, 0.5233202466798245, 0.15314068308694104, 0.16197649741704695, 0.2065539223136037, 0.12326439143923076, 0.2067707988287881, 0.227981275598217, 0.2145368713189373, 0.3563155994321903, 0.17776088433056444, 0.33419425822342463, 0.7376717217159674, 0.43898252969044643, 0.29905585049528943, 0.25596241785664836, 0.2590091912339892, 0.3152155777201368, 0.3539679090856906, 0.3348052308381949, 0.2556421774654933, 0.4076194597998586, 0.43407079047580055, 0.3848654980044037, 0.3759824269701471, 0.2706882438157287, 0.23617691615169303, 0.20178246673032907, 0.241824911054508, 0.27537572095832785, 0.22594393632496473, 0.19425139865933316, 0.24323823864148364, 0.3151405158465067, 0.23756277357936956, 0.29341251628245285, 0.18830248022080498, 0.2735864258870944, 0.21657265468373718, 0.23646298659377232, 0.3328546571065806, 0.3595987275798662, 0.19477503847238795, 0.2760423072043374, 0.309028439943762, 0.3426722827791302, 0.24954889800467434, 0.3657949755925774, 0.26329587021581574, 0.21489966589922724, 0.37037078189895195, ...]   0.97562  0.135812  0.760181  0.230453  0.966747


Detailed Results for Logistic Regression:
------------------------------
              precision    recall  f1-score   support

         0.0       1.00      0.94      0.97     45801
         1.0       0.05      0.75      0.10       221

    accuracy                           0.94     46022
   macro avg       0.53      0.84      0.53     46022
weighted avg       0.99      0.94      0.96     46022


Detailed Results for Decision Tree:
------------------------------
              precision    recall  f1-score   support

         0.0       1.00      0.84      0.91     45801
         1.0       0.03      0.96      0.05       221

    accuracy                           0.84     46022
   macro avg       0.51      0.90      0.48     46022
weighted avg       1.00      0.84      0.91     46022


Detailed Results for Random Forest:
------------------------------
              precision    recall  f1-score   support

         0.0       1.00      0.98      0.99     45801
         1.0       0.14      0.76      0.23       221

    accuracy                           0.98     46022
   macro avg       0.57      0.87      0.61     46022
weighted avg       0.99      0.98      0.98     46022

